i averageRestarts sdRestarts averageSolveTicks sdSolveTicks averageAverageSteps sdAverageSteps averageAverageTicks sdAverageTicks averageAverageMilliseconds sdAverageMilliseconds
100
0 0    0    23119,8  38879,0560862787
1 0    0    28469,16  22213,0335968413
2 0    0    16952,78  25905,6556641904
3 0    0    13961,73  10778,2598677662
4 0    0    17118,67  19814,0752512223
5 0    0    21312,69  25744,0575829433
6 0    0    33299,72  42069,7642624914
7 0    0    11375,13  20911,0848970851
8 0    0    17627,91  24619,5124679978
9 0    0    19487,22  20987,6550055408
10 0    0    13962,77  27471,6265655512
11 0    0    16941,7  10410,6684343514
12 0    0    1303,99  12146,5944589379
13 0    0    20920,81  38351,3547733832
14 0    0    26587,29  31501,1401810458
15 0    0    23409,94  12549,7239880565
16 0    0    21785,44  11700,6702383411
17 0    0    1886,96  17991,6885371663
18 0    0    19047,66  14891,1452623497
19 0    0    17482,98  10072,3583047666
20 0    0    11392,12  22099,4702480761
21 0    0    20227,19  8142,14759224494
22 0    0    12661  17226,6375889202
23 0    0    13631,59  14281,1936868702
24 0    0    12356,21  27005,2641202766
25 0    0    15930,17  44705,0082776091
26 0    0    20374,63  14405,0095061787
27 0    0    2761,72  26673,7318015609
28 0    0    16826,58  36490,4866731536
29 0    0    17120,28  26227,5419382297
30 0    0    13573,02  19291,0286682592
31 0    0    2818,93  27229,8987483447
32 0    0    5590,35  17349,4117118564
33 0    0    20238,22  9735,76180951445
34 0    0    17880,28  17991,0749195705
35 0    0    1115,96  10295,7120345511
36 0    0    15297,29  13582,2019586627
37 0    0    34144,95  25604,6843653168
38 0    0    17553,95  13613,3343390773
39 0    0    13728,73  20497,7896734526
40 0    0    15641,85  13766,7377467394
41 0    0    2217,26  21277,3279932514
42 0    0    840,31  7554,94057911112
43 0    0    27765,91  44638,9634427358
44 0    0    1881,67  17903,5758730232
45 0    0    18337,95  21154,6337776739
46 0    0    13517,93  13605,5469873541
47 0    0    22275,44  28837,181996277
48 0    0    19705,14  19428,4111434878
49 0    0    1857,11  17694,4837680533
