k averageRestarts sdRestarts averageSolveTicks sdSolveTicks 
100
2 38,68 39,887060558532 163044,9 169909,791074117
7 31,44 32,1317039697555 120573,72 122889,151985851
12 38,96 39,2514764053532 149098,4 151729,631379635
17 39,3 35,3950561519543 149417,1 135200,587827161
22 53,32 58,8181740621043 206433,34 226386,623394193
27 35,68 33,2002650591829 135208,6 127099,388792236
32 54,52 52,2234583305242 209235,52 201085,222084194
37 42,78 45,0938088876954 161346,44 166254,222911439
42 41,48 37,1463268709034 160106,06 145539,085371512
47 38,36 43,1025567687115 149536,24 171569,769822374
52 49,9 61,183412784839 190901,44 237283,504122066
57 46,18 42,5209077983996 176877,48 164828,951495815
62 45,24 40,2350891635647 173548,82 157165,039220393
67 36,4 32,1042053320122 140667,94 126879,080379456
72 40,2 40,273067923862 152614,94 153818,977107301
77 41,66 45,6011447224738 162599,68 177620,105344912
82 49,46 43,5844972438595 188533,86 167945,877532973
87 42,22 36,5618872598229 164658,06 142529,264517349
92 30,14 35,4135623737573 115390,28 139262,075024041
97 45,14 43,0450972818043 171993,98 164573,058746624
102 49,76 56,0640918949019 192940,42 227463,971181116
107 35,36 27,9798213003586 134720,14 106057,857647043
112 45,96 50,8070703741123 178234,2 202251,543487707
117 41 34,5653005194516 157442 130431,369337288
122 39,82 39,985842494563 151954,86 151609,839846761
127 41,12 38,6898643057843 157723,28 149487,555280704
132 32,2 33,3358665704073 124519,7 128898,67057984
137 46,32 42,7061775390868 178850,2 162402,652403463
142 50,56 51,9388717628714 205281,64 210596,794647759
147 43,56 56,1356072381871 171415,16 217736,224322032
152 33,62 33,0635085857505 136538,04 134147,002305674
157 46,06 42,5240684789214 191824,36 182780,323557079
162 49,28 45,3140331464768 201539,1 176677,867011491
167 36,34 35,9241478674164 145091,64 148547,85392213
172 42,86 33,8112466495987 175062,08 143068,613452545
177 41,2 37,9673543982195 168770,94 151205,197161527
182 44,76 48,7202463047961 179691,12 208532,945546994
187 47,28 40,0974014120616 186326,32 160432,573646805
192 53,18 53,4687534921098 209832,1 213198,265584244
197 41,22 39,822752290619 166788,88 166789,624429656
