k averageRestarts sdRestarts averageSolveTicks sdSolveTicks 
100
10 42,7 41,0810175141756 185065,12 177587,416950823
20 40,32 42,2291084442947 165116,04 172261,352265964
30 39,5 38,7542255760582 159221,866666667 157382,16612275
40 39,32 37,3455164644968 156861,03 150552,701211168
50 39,588 37,5366788088664 156867,156 150408,04142892
60 39,9933333333333 38,0031571787866 157275,396666667 149995,61883726
70 41,5942857142857 39,6309543005907 162713,177142857 155303,657249118
80 42,3775 39,664719761395 165447,725 155190,752222626
90 42,1755555555556 39,5159920119862 164396,626666667 154186,914965752
100 42,46 40,1355752419222 165290,074 156907,537889983
110 41,5127272727273 40,1968657961627 161402,843636364 156756,003838882
120 41,9366666666667 40,5235650236035 162722,21 157459,154973957
130 42,5492307692308 40,5978954478295 164953,307692308 157626,003225456
140 42,4871428571429 40,2010107244247 164760,192857143 156236,838705093
150 43,0373333333333 40,7292680131731 166824,4 158360,08412543
160 43,25 41,1608430428727 167651,87625 159757,610009941
170 42,6705882352941 40,5499802669986 165394,6 157439,573640481
180 42,21 40,3630649370326 163554,101111111 156605,176879494
190 42,4368421052632 41,0060292168477 164382,127368421 159272,232656832
200 42,598 41,6151222033529 164949,336 161572,094602741
210 42,7761904761905 41,7826394201718 165573,698095238 161979,890938325
220 42,4081818181818 41,6106162848293 164025,233636364 161096,248667178
230 42,4773913043478 41,7358245882871 164124,180869565 161319,277012412
240 42,2008333333333 41,3867188758127 163074,430833333 160033,949629363
250 42,5312 41,8854942260444 164325,5096 161928,20206048
260 42,7507692307692 41,8295373117607 165167,101538462 161830,233522689
270 42,8214814814815 42,0378663256429 165476,047407407 162856,449988937
280 42,7721428571429 41,8312794241977 165170,307857143 161912,820926232
290 42,888275862069 41,6705295737693 165620,668275862 161362,737758632
300 43,056 41,9561620106828 166244,322 162543,667917504
310 43,0329032258065 41,8190828638228 166127,756129032 161823,728035391
320 43,073125 42,0510288546473 166235,33125 162395,694806201
330 42,9042424242424 41,9423187629626 165534,397575758 161944,318156501
340 42,4852941176471 41,6213508017285 163867,741176471 160659,099984803
350 42,4668571428571 41,6481972013489 163700,571428571 160570,428299536
360 42,5638888888889 41,8856290177178 164060,754444444 161643,011032407
370 42,4005405405405 41,6884208400875 163628,48972973 161040,29828764
380 42,5210526315789 42,0439879793504 164062,185263158 162247,921767326
390 42,2989743589744 42,0438153502328 163179,832307692 162344,258601937
400 42,352 42,5226186399661 163421,915 164394,843535966
410 42,5619512195122 42,7325353411256 164304,356097561 165281,567947563
420 42,7509523809524 42,9988745594426 165072,778571429 166350,041643572
430 42,6409302325581 42,9291184213814 164767,571162791 166098,336333999
440 42,6913636363636 42,8730124686906 165100,879545455 165847,388999009
450 42,632 42,6956115153146 164997,151111111 165281,127928891
460 42,6926086956522 42,6580013104621 165440,95826087 165483,416459858
470 42,8327659574468 42,8289585718527 166522,28893617 167064,447967648
480 42,81375 42,8681396175625 166728,27 167793,586418623
490 42,8542857142857 42,8122859535838 167461,588979592 168100,809313684
