i averageRestarts sdRestarts averageSolveTicks sdSolveTicks averageAverageSteps sdAverageSteps averageAverageTicks sdAverageTicks averageAverageMilliseconds sdAverageMilliseconds
100
0 30,7    35,058094643035    255793,74  1421143,69916298    27,6605690706256   1,06963433805686  5302,09135058375 16406,1978403309  0,952271003779227   4,55667542277733
1 22,62    27,176379449809    78181,11  95340,3632767251    27,505931598516   1,47324938073046  3222,57135010047 432,859011713466  0,298037487504283   0,18886328910086
2 38,82    39,3350683233168    142278,74  146048,356126567    29,701910654461   0,923952671111219  3519,13583731876 286,957109667835  0,398064338271366   0,141000356944694
3 17,94    25,4164592341262    64624,54  92622,6687531103    30,8758002186685   1,88435250183502  2982,04710907127 678,594432574015  0,215703027632844   0,223625326083981
4 33,31    41,2249184353347    134281,14  168062,992711008    29,3959766225141   1,76053274588679  3932,15937400573 476,813345181121  0,5733576682071   0,261848293705119
5 27,33    48,6111211555545    106192,27  191041,460339627    30,147717416021   1,76387200146646  3483,96155980824 599,475030293024  0,361519718244608   0,304295592791846
6 27,95    41,1381513925942    112135,8  167395,252207761    30,5271310626773   1,5304608210477  3675,47848948226 843,669236720105  0,407863203818688   0,319250628592528
7 27,69    36,7384526075881    101158,75  135954,862175972    27,0733476091504   1,84303615402711  3401,65764716325 618,361645994676  0,372572969442673   0,244025592009976
8 33,67    53,5133730949563    129039,98  209035,29376079    25,6321273786602   4,50465710206824  2862,12231015152 1294,33804564463  0,287663271440193   0,300114496998634
9 42,58    45,6309500229833    164895,07  176719,019434143    28,7990127790347   2,10551269588026  3815,42998726028 458,381724562278  0,503577582197358   0,219460014313011
10 24,57    25,833410537519    94827,68  102076,573440715    30,0887834963245   0,963623785192502  3619,43761613394 352,565834933636  0,415470222005825   0,223261769334643
11 17,13    24,7655627838335    59756,41  86847,5739582972    27,6603833982805   1,49512444908266  3287,08492482541 537,669321344634  0,343192382709525   0,28344796262498
12 32,96    34,5730877996166    128672,12  135973,892196942    30,2390509662329   1,19552230459223  3677,81248679603 491,796684751273  0,481183828053698   0,212572780213943
13 35,34    41,5769695865391    134462,36  160607,654055124    28,6028628812859   1,12244662383344  3562,05397204851 357,413290696002  0,415768941108491   0,203650195445811
14 29,27    34,8820455248828    112963,43  137079,383742797    30,0585942665561   2,33405760512057  3580,20365703146 451,957067356937  0,443827272049903   0,196093169543465
15 27,12    38,3703739882738    108149,73  153787,678083574    30,4224135316236   1,91372294912671  3862,83910795818 304,218379078273  0,567580278050411   0,254881153159651
16 23,62    40,8944446104847    84355,34  146623,906930843    26,3129424677723   1,60638422040436  3477,65913921855 560,808099508324  0,462685403990914   0,34204136697971
17 23,62    38,3013785652684    88253,61  144326,126889617    30,9447368183839   1,86970791473004  3372,37254749872 413,492366652937  0,304861372287877   0,289866024114675
18 27,62    38,367116128268    98981,57  139396,098555896    26,1443609703528   2,09267754843045  3405,20800408242 366,084963281066  0,377348154121336   0,212171952310677
19 43,03    38,526213154163    160341,69  143765,299623636    26,2712027006814   0,82808115752208  3579,26569026716 347,18315291449  0,42807047373232   0,136012395633465
20 49,55    68,9613478696581    171058,43  236758,241758688    25,8796790499348   1,95209561064351  3151,39076609062 577,576177747416  0,294687118839027   0,137989264690953
21 32,83    31,0509436249528    137802,52  129548,226278593    29,559354234517   1,050705354505  4170,92932411811 499,498635851686  0,665209172992275   0,173827116957858
22 33,41    39,3451636163837    134843,56  159089,951131259    31,3941055739422   2,07685806782206  3919,65822803831 499,738619696706  0,584171074339769   0,261317856373731
23 21,42    35,7978155758141    86679,34  147860,857620685    31,50031199716   1,51950426207357  3672,41048262351 437,978440594021  0,453525272056047   0,29875423675943
24 28,3    32,6062877371835    101249,05  119055,169630754    27,8885325955026   1,19296275466054  3370,40502394162 453,05783706931  0,342590379195413   0,21107396243227
25 19,21    38,8569929356352    77086,62  156378,245554283    32,1766267308733   2,135544253256  3610,91151738363 1009,59660290608  0,37600318272458   0,452748247625858
26 34,62    43,2942906166621    126069,39  158638,55286543    30,666346697751   2,25025414615337  3676,06249264909 372,783078676058  0,504889801002772   0,27333330228873
27 37,62    39,1716172757776    150281,46  156559,110381378    30,3490646218713   1,08237872271278  3891,86259510885 325,847639513994  0,586670968433143   0,124596940808699
28 23,16    30,296772105292    96494,73  127759,950868404    31,9146376627229   3,12311174933755  4184,80498382553 773,596620243836  0,670725044247874   0,317406184659495
29 56,3    65,4202568016972    240675,79  282666,002995454    30,76714801897   0,896659628858607  4164,28574836533 258,146224807178  0,65584915316757   0,0991899457023483
30 24,86    28,7656114136307    101353,11  118186,07723771    31,9627374692143   2,27025260075554  4001,19206987755 324,953719054202  0,669976910722013   0,211896993510212
31 36,07    44,2330769899631    152201,67  188484,661169606    30,3647726412945   1,23640591784511  4001,99795158967 667,002806919731  0,634167300748686   0,283242241018999
32 41,78    45,1866307661901    155575,77  168389,832474758    28,6887850481817   1,00608031223399  3674,84552302557 465,275075850558  0,429659021114679   0,215891165822486
33 23,05    32,5537632233203    85071,96  123731,262649172    30,723961587128   2,09276673045453  3271,99610599683 471,304814487062  0,265669766489096   0,233548695486367
34 18,03    31,819948145778    65485,49  117778,076646844    27,2187346959855   1,31479254833454  2901,9283298972 793,428096870981  0,226641936400402   0,256581821650795
35 33,9    48,1070680877561    130435,73  187238,395070341    27,3904694945156   1,57042853666103  3510,2310580669 414,049448323645  0,38902899164086   0,244468784902137
36 49,71    57,5029207953822    176512,2  206161,57773334    27,5835543952357   3,38328641588106  3465,14477754318 378,008513969842  0,413268289568527   0,240781006310751
37 29,29    35,4088392919056    108418,33  131009,72457135    29,9871287275996   1,72441497440474  3466,52340965783 406,243628624012  0,374364924801266   0,236334996654192
38 32,42    34,5372784104365    128166,59  140091,478525861    29,5631075007661   1,23209058473803  3760,00936135714 596,4300696567  0,519293244649767   0,21753269122636
39 25,89    30,4124629058549    97843,27  116042,119286736    30,0865402698899   1,51280801786713  3479,88538835997 539,325246464326  0,390380854866735   0,241823081297911
40 41,82    47,6494239209668    157076,13  179515,501178458    27,7048410670384   1,63736052121423  3570,01387876875 418,87184886775  0,405970722790147   0,224444153093096
41 39,07    46,8323082924598    151393,7  181412,002105677    29,4999195441805   1,30794967934134  3765,13039144195 359,265779059034  0,506338963905047   0,159120651594481
42 29,29    48,3529306247305    110188,6  185491,959213385    29,7749641625259   2,23672554917953  3326,57611107675 502,164557284802  0,31907667269877   0,252224408696356
43 32,34    38,971327921948    138287,47  168432,277963961    31,0292694454935   0,997704729462796  4046,80632648313 410,241216635824  0,60805644951073   0,209034007619942
44 31,51    34,6169019411039    135749,27  150341,312645251    29,0774472128915   1,50017044174282  4105,16189761203 437,810530568417  0,641252958939856   0,234447593019824
45 18,17    28,2559922848234    71827,39  113406,238677852    29,9068098629923   2,16521728029617  3643,89203902516 423,19963256075  0,388829761425755   0,336364731265618
46 18,14    26,6750895031301    75819,08  113351,288527805    33,3082615325976   2,29781506478932  4081,91685937282 372,578177227399  0,719832954334587   0,222178661563387
47 28,86    45,3898711168031    116666,44  185669,689240776    30,2596685198501   1,43294513698554  3821,88192760881 387,594113611816  0,580791149043208   0,27419254408975
48 24,59    30,7782699318854    102524,56  129026,68628794    32,4354561885816   1,53497435729695  4019,41676518382 441,402019462415  0,592630994811001   0,288317713359942
49 24,78    35,2835882528974    98595,42  142556,498859798    31,1484262380459   2,28384558676423  3783,75614007395 535,247808279766  0,557869847369098   0,234009286924228
